(5051.0,[5052.263157894737,137.96980680579247,49.0,4940.0,5583.0,96.0,0.0])
(5111.0,[5040.105263157895,136.58230398471412,48.0,4930.0,5543.0,10.0,0.0])
(1130.0,[1105.7368421052631,103.36182849595734,9.0,989.0,1654.0,21.0,0.0])
(5171.0,[5170.315789473684,107.23513398704195,50.0,5049.0,5554.0,86.0,0.0])
(5241.0,[5331.789473684211,123.2065356038894,51.0,5241.0,5813.0,9.0,0.0])
(1240.0,[1169.342105263158,89.06481268562665,10.0,1059.0,1574.0,27.0,0.0])
(1250.0,[1299.0,97.06671606900613,11.0,1180.0,1784.0,19.0,0.0])
(1250.0,[1335.2894736842106,101.92642028617787,12.0,1249.0,1853.0,82.0,0.0])
(1411.0,[1441.1842105263158,87.20540038297904,13.0,1351.0,1864.0,87.0,0.0])
(5441.0,[5378.0526315789475,113.41051361464663,52.0,5270.0,5794.0,35.0,0.0])
(5480.0,[5555.368421052632,116.53696523390326,54.0,5460.0,5984.0,39.0,0.0])
(5560.0,[5502.263157894737,133.97165533101756,53.0,5369.0,6013.0,23.0,0.0])
(1571.0,[1646.3157894736842,92.65360085119478,15.0,1549.0,2094.0,63.0,0.0])
(1619.0,[1549.3157894736842,92.72003850390813,14.0,1440.0,1953.0,60.0,0.0])
(5670.0,[5682.315789473684,106.31683167806,55.0,5570.0,6094.0,45.0,0.0])
(1751.0,[1745.8947368421052,101.14965189046538,16.0,1641.0,2273.0,79.0,0.0])
(5820.0,[5763.263157894737,116.60000997800046,56.0,5640.0,6193.0,90.0,0.0])
(1810.0,[1762.5,87.46600843515695,6.0,1630.0,2144.0,0.0,0.0])
(5860.0,[5983.315789473684,126.11400549610447,58.0,5860.0,6483.0,65.0,0.0])
(5901.0,[5861.0526315789475,124.05791248835976,47.0,5750.0,6343.0,1.0,0.0])
(5921.0,[5893.315789473684,124.46942242620703,57.0,5769.0,6354.0,30.0,0.0])
(1920.0,[1866.6315789473683,107.4712742654695,17.0,1761.0,2414.0,33.0,0.0])
(5950.0,[6085.736842105263,136.73479598161165,59.0,5950.0,6603.0,49.0,0.0])
(2030.0,[2014.5,108.87408226696418,18.0,1900.0,2563.0,13.0,0.0])
(2040.0,[2077.8947368421054,88.50328256585034,19.0,1979.0,2494.0,25.0,0.0])
(2120.0,[2179.7631578947367,92.83387375491496,20.0,2060.0,2604.0,26.0,0.0])
(6171.0,[6141.315789473684,114.86653703163464,60.0,6040.0,6564.0,94.0,0.0])
(2221.0,[2250.8684210526317,102.05833498353864,21.0,2150.0,2814.0,54.0,0.0])
(6251.0,[6277.0526315789475,125.16072769136767,61.0,6150.0,6764.0,43.0,0.0])
(2341.0,[2374.7894736842104,100.66911874127062,22.0,2270.0,2854.0,36.0,0.0])
(6381.0,[6482.315789473684,132.1769358937915,63.0,6350.0,6964.0,80.0,0.0])
(6440.0,[6387.263157894737,110.86162171362581,62.0,6249.0,6793.0,44.0,0.0])
(2471.0,[2540.5789473684213,80.82750690560842,24.0,2449.0,2933.0,47.0,0.0])
(6501.0,[6593.210526315789,111.72502850507506,64.0,6440.0,7014.0,84.0,0.0])
(2500.0,[2456.5789473684213,96.1666950716163,23.0,2360.0,2934.0,41.0,0.0])
(2550.0,[2666.5526315789475,100.72100532722766,25.0,2539.0,3144.0,53.0,0.0])
(6710.0,[6657.578947368421,131.9235487495748,65.0,6540.0,7184.0,83.0,0.0])
(6721.0,[6783.894736842105,99.5753587870128,66.0,6679.0,7153.0,58.0,0.0])
(6880.0,[6957.315789473684,128.54818987101132,68.0,6839.0,7464.0,93.0,0.0])
(2910.0,[2855.2368421052633,87.19501259594294,27.0,2749.0,3284.0,46.0,0.0])
(2920.0,[2993.5526315789475,93.24210065834025,28.0,2879.0,3414.0,20.0,0.0])
(2960.0,[3061.0263157894738,106.31197556994455,29.0,2940.0,3603.0,52.0,0.0])
(7141.0,[7092.9473684210525,121.499176381965,69.0,6970.0,7554.0,42.0,0.0])
(3140.0,[3157.7368421052633,94.06036253679876,30.0,3049.0,3624.0,38.0,0.0])
(7191.0,[7162.894736842105,123.02027848963598,70.0,7050.0,7634.0,67.0,0.0])
(3240.0,[3235.1052631578946,87.95865939049352,26.0,3139.0,3625.0,2.0,0.0])
(3260.0,[3319.2368421052633,89.61186311577464,31.0,3209.0,3764.0,14.0,0.0])
(3261.0,[3362.2631578947367,80.02291915462531,32.0,3261.0,3744.0,48.0,0.0])
(7330.0,[7362.578947368421,122.4084258320539,72.0,7239.0,7833.0,64.0,0.0])
(3370.0,[3440.684210526316,107.12661108858107,33.0,3360.0,4014.0,56.0,0.0])
(7421.0,[7479.578947368421,105.74911510863997,73.0,7400.0,7873.0,34.0,0.0])
(3531.0,[3552.842105263158,94.71023018043523,34.0,3449.0,4013.0,37.0,0.0])
(7591.0,[7602.631578947368,128.85087689439405,74.0,7500.0,8103.0,17.0,0.0])
(7700.0,[7766.368421052632,112.78494231632341,75.0,7660.0,8174.0,8.0,0.0])
(3720.0,[3667.684210526316,88.7984427504393,35.0,3549.0,4113.0,68.0,0.0])
(7760.0,[7873.684210526316,108.27987742861404,77.0,7760.0,8274.0,40.0,0.0])
(7791.0,[7796.421052631579,127.12915761020932,76.0,7650.0,8273.0,59.0,0.0])
(3831.0,[3784.2894736842104,85.99997181601033,36.0,3670.0,4183.0,28.0,0.0])
(3870.0,[3860.5263157894738,92.16682153405179,37.0,3760.0,4284.0,50.0,0.0])
(7970.0,[7965.8421052631575,119.90753593713464,78.0,7849.0,8404.0,91.0,0.0])
(4025.0,[4043.324324324324,644.0018068656059,38.0,3840.0,7870.0,98.0,0.0])
(8080.0,[8075.375,144.23283043398962,79.0,7951.0,8595.0,57.0,0.0])
(8140.0,[8207.923076923076,131.4255926010324,80.0,8080.0,8614.0,18.0,0.0])
(209.0,[151.76923076923077,81.44290482026123,0.0,49.0,527.0,88.0,0.0])
(8260.0,[8353.461538461539,147.5714248890583,82.0,8250.0,8824.0,51.0,0.0])
(309.0,[271.5128205128205,108.72521746383185,1.0,160.0,834.0,32.0,0.0])
(8360.0,[8339.461538461539,132.31641295052808,81.0,8191.0,8744.0,15.0,0.0])
(8420.0,[8504.76923076923,127.86540630748222,83.0,8390.0,8914.0,24.0,0.0])
(410.0,[369.56410256410254,93.8689197551004,2.0,260.0,854.0,31.0,0.0])
(490.0,[456.38461538461536,96.42922617520846,3.0,360.0,924.0,62.0,0.0])
(8580.0,[8652.538461538461,135.20333142494073,85.0,8559.0,9074.0,70.0,0.0])
(8621.0,[8606.692307692309,129.93985864200917,84.0,8490.0,9024.0,22.0,0.0])
(8710.0,[8775.76923076923,165.8753720515931,86.0,8641.0,9314.0,85.0,0.0])
(679.0,[621.3589743589744,82.90571944622866,4.0,530.0,1014.0,12.0,0.0])
(870.0,[837.8717948717949,97.56265034803167,5.0,730.0,1324.0,5.0,0.0])
(870.0,[854.2051282051282,86.47073893318034,7.0,740.0,1245.0,72.0,0.0])
(880.0,[951.8717948717949,89.77698279831073,8.0,840.0,1374.0,89.0,0.0])
(8931.0,[8880.384615384615,141.37595185643707,87.0,8750.0,9323.0,78.0,0.0])
(9041.0,[9087.846153846154,152.53138196845626,88.0,8940.0,9583.0,11.0,0.0])
(1079.0,[1167.025641025641,89.0676744087836,10.0,1059.0,1574.0,27.0,0.0])
(9130.0,[9090.76923076923,117.527838827268,89.0,8941.0,9433.0,75.0,0.0])
(1129.0,[1106.3333333333333,102.09430867216773,9.0,989.0,1654.0,21.0,0.0])
(9171.0,[9271.23076923077,137.25448225616634,91.0,9141.0,9704.0,71.0,0.0])
(9250.0,[9222.307692307691,163.92699341962455,90.0,9100.0,9754.0,16.0,0.0])
(1290.0,[1334.128205128205,100.86553107140664,12.0,1249.0,1853.0,82.0,0.0])
(9361.0,[9401.615384615385,126.01070678657457,92.0,9309.0,9803.0,29.0,0.0])
(9380.0,[9445.846153846154,142.6128951736921,93.0,9349.0,9914.0,76.0,0.0])
(1349.0,[1300.2820512820513,96.13957500931514,11.0,1180.0,1784.0,19.0,0.0])
(1489.0,[1442.4102564102564,86.4112759583769,13.0,1351.0,1864.0,87.0,0.0])
(1570.0,[1549.8461538461538,91.58197629797577,14.0,1440.0,1953.0,60.0,0.0])
(9621.0,[9589.461538461539,132.3919677929695,94.0,9499.0,10014.0,55.0,0.0])
(1629.0,[1645.871794871795,91.49896440136372,15.0,1549.0,2094.0,63.0,0.0])
(9710.0,[9657.153846153846,117.69507286847141,95.0,9549.0,10024.0,73.0,0.0])
(1730.0,[1745.4871794871794,99.87604414777755,16.0,1641.0,2273.0,79.0,0.0])
(9800.0,[9778.76923076923,165.44027685875224,96.0,9639.0,10313.0,66.0,0.0])
(1809.0,[1763.6923076923076,86.6496493685935,6.0,1630.0,2144.0,0.0,0.0])
(1860.0,[1866.4615384615386,106.08966844834274,17.0,1761.0,2414.0,33.0,0.0])
(9901.0,[9983.461538461539,151.95779544871377,97.0,9880.0,10474.0,7.0,0.0])
(9910.0,[9944.153846153846,122.4498931455677,98.0,9841.0,10324.0,61.0,0.0])
(1939.0,[2012.5641025641025,108.12974041703859,18.0,1900.0,2563.0,13.0,0.0])
