(100.0,[199.66666666666666,335.2179149524239,4.0,1.0,2411.0,6.0])
(10210.0,[10025.807692307691,572.9778502384759,30.0,7651.0,12040.0,24.0])
(2179.0,[2185.5858585858587,9.29647494941241,24.0,2169.0,2210.0,8.0])
(331.0,[333.65656565656565,269.85035739495527,22.0,1.0,2520.0,53.0])
(740.0,[666.4646464646464,63.65679966874656,18.0,510.0,791.0,33.0])
(5150.0,[5158.117021276596,340.15534174665953,45.0,4741.0,7319.0,45.0])
(1230.0,[1314.141414141414,247.55964530156888,37.0,941.0,3239.0,67.0])
(3450.0,[3478.4848484848485,200.32551104762518,53.0,3439.0,5459.0,65.0])
(1651.0,[1292.949494949495,238.9807216660535,8.0,760.0,1930.0,12.0])
(22069.0,[22106.12,270.04122944469054,49.0,21711.0,22799.0,46.0])
(3930.0,[3824.5050505050503,67.76301153334433,55.0,3654.0,4041.0,4.0])
(40.0,[59.08080808080808,200.48842767519088,23.0,0.0,2022.0,3.0])
(49.0,[200.15151515151516,334.96483649724115,4.0,1.0,2411.0,6.0])
(69.0,[68.54545454545455,204.34834947678027,16.0,1.0,2021.0,22.0])
(280.0,[334.06060606060606,269.73974805438075,22.0,1.0,2520.0,53.0])
(480.0,[187.37373737373738,200.40300738981065,27.0,0.0,841.0,38.0])
(699.0,[666.0505050505051,63.30946499798259,18.0,510.0,791.0,33.0])
(2730.0,[679.8282828282828,231.84817569655146,32.0,410.0,2730.0,14.0])
(1419.0,[1313.919191919192,247.45552306282545,37.0,941.0,3239.0,67.0])
(1459.0,[1296.1616161616162,239.05388881799058,8.0,760.0,1930.0,12.0])
(1.0,[58.77777777777778,200.5533031015962,23.0,0.0,2022.0,3.0])
(1.0,[67.74747474747475,204.45628034969036,16.0,1.0,2021.0,22.0])
(2.0,[198.44444444444446,335.5391928581269,4.0,1.0,2411.0,6.0])
(159.0,[333.24242424242425,270.1463535596914,22.0,1.0,2520.0,53.0])
(2199.0,[2185.8888888888887,9.239669512749149,24.0,2169.0,2210.0,8.0])
(389.0,[189.78787878787878,201.37543573063348,27.0,0.0,841.0,38.0])
(8510.0,[8603.087719298246,265.34163881264635,12.0,8480.0,10570.0,19.0])
(649.0,[679.2121212121212,231.84822938560004,32.0,410.0,2730.0,14.0])
(679.0,[666.4545454545455,63.2631625186735,18.0,510.0,791.0,33.0])
(1199.0,[1293.939393939394,238.92418044993497,8.0,760.0,1930.0,12.0])
(3440.0,[3478.2727272727275,200.355029238217,53.0,3439.0,5459.0,65.0])
(1550.0,[1315.5252525252524,248.46451054159346,37.0,941.0,3239.0,67.0])
(3839.0,[3824.6969696969695,67.77688508948626,55.0,3654.0,4041.0,4.0])
(49.0,[59.26262626262626,200.47104054738986,23.0,0.0,2022.0,3.0])
(120.0,[175.3030303030303,250.32913503905834,4.0,1.0,2150.0,6.0])
(209.0,[330.9191919191919,270.21583878570135,22.0,1.0,2520.0,53.0])
(219.0,[69.94949494949495,204.89900807433398,16.0,1.0,2021.0,22.0])
(500.0,[678.10101010101,232.440086554285,32.0,410.0,2730.0,14.0])
(610.0,[193.5252525252525,205.6605196976559,27.0,0.0,841.0,38.0])
(749.0,[666.3434343434343,63.10823820722163,18.0,510.0,791.0,33.0])
(5050.0,[5156.978947368421,338.54017810057,45.0,4741.0,7319.0,45.0])
(1220.0,[1312.6060606060605,247.87125275648046,37.0,941.0,3239.0,67.0])
(1299.0,[1289.6767676767677,234.99919743180504,8.0,760.0,1930.0,12.0])
(13680.0,[13376.170731707318,283.2012903407824,34.0,12709.0,14060.0,55.0])
(1.0,[189.8989898989899,205.8581199625976,27.0,0.0,841.0,38.0])
(1.0,[175.3030303030303,250.32913503905834,4.0,1.0,2150.0,6.0])
(40.0,[59.656565656565654,200.39446763549228,23.0,0.0,2022.0,3.0])
(50.0,[69.14141414141415,204.81832354212415,16.0,1.0,2021.0,22.0])
(2189.0,[2185.787878787879,9.15000991032496,24.0,2169.0,2210.0,8.0])
(510.0,[332.52525252525254,270.8023000750664,22.0,1.0,2520.0,53.0])
(540.0,[678.5959595959596,232.0930638487619,32.0,410.0,2730.0,14.0])
(740.0,[667.1414141414141,63.533656093334216,18.0,510.0,791.0,33.0])
(17340.0,[17326.28125,69.14894900457635,60.0,17169.0,17499.0,11.0])
(1400.0,[1308.6666666666667,243.3099200026935,37.0,941.0,3239.0,67.0])
(3460.0,[3478.373737373737,200.34327035600953,53.0,3439.0,5459.0,65.0])
(17640.0,[17296.4375,221.34178004558922,50.0,16760.0,17721.0,39.0])
(1490.0,[1294.5151515151515,234.14121456140563,8.0,760.0,1930.0,12.0])
(3879.0,[3825.0,67.9517059641209,55.0,3654.0,4041.0,4.0])
(1.0,[59.64646464646464,200.3973987780186,23.0,0.0,2022.0,3.0])
(1.0,[188.88888888888889,206.53607256477642,27.0,0.0,841.0,38.0])
(41.0,[68.74747474747475,204.83456460582883,16.0,1.0,2021.0,22.0])
(100.0,[175.40404040404042,250.29670955080087,4.0,1.0,2150.0,6.0])
(130.0,[308.3838383838384,157.58042404382743,22.0,1.0,700.0,53.0])
(640.0,[668.3535353535353,61.836917013084445,18.0,510.0,791.0,33.0])
(691.0,[679.2020202020202,232.04631981863736,32.0,410.0,2730.0,14.0])
(17171.0,[17378.65625,382.63572831864184,17.0,17120.0,19430.0,36.0])
(33551.0,[33849.882352941175,199.6752900418257,13.0,33501.0,34131.0,9.0])
(1310.0,[1308.1515151515152,243.2525546134863,37.0,941.0,3239.0,67.0])
(19811.0,[20010.571428571428,515.9674981853735,16.0,17700.0,20599.0,41.0])
(1670.0,[1300.3636363636363,236.2068283271951,8.0,760.0,1930.0,12.0])
(1.0,[68.74747474747475,204.83456460582883,16.0,1.0,2021.0,22.0])
(1.0,[186.06060606060606,207.17151524991513,27.0,0.0,841.0,38.0])
(30.0,[59.23232323232323,200.41587208475147,23.0,0.0,2022.0,3.0])
(10180.0,[10028.716981132075,567.9342699597022,30.0,7651.0,12040.0,24.0])
(2190.0,[2185.787878787879,9.150009910324957,24.0,2169.0,2210.0,8.0])
(380.0,[175.8989898989899,250.6520988251332,4.0,1.0,2150.0,6.0])
(550.0,[309.7878787878788,159.10039221375655,22.0,1.0,700.0,53.0])
(571.0,[667.7474747474747,62.49062045729943,18.0,510.0,791.0,33.0])
(730.0,[681.3232323232323,231.54059479066893,32.0,410.0,2730.0,14.0])
(5050.0,[5155.864583333333,336.94743716539284,45.0,4741.0,7319.0,45.0])
(1160.0,[1297.3333333333333,236.06372192287571,8.0,760.0,1930.0,12.0])
(3471.0,[3478.5858585858587,200.3242326426306,53.0,3439.0,5459.0,65.0])
(1571.0,[1311.989898989899,244.36921456943526,37.0,941.0,3239.0,67.0])
(33929.0,[33852.05882352941,229.789794118383,10.0,33469.0,34370.0,69.0])
(3841.0,[3826.222222222222,67.13540599784939,55.0,3654.0,4041.0,4.0])
(0.0,[67.73737373737374,204.9245037558159,16.0,0.0,2021.0,22.0])
(49.0,[59.717171717171716,200.33245300084096,23.0,0.0,2022.0,3.0])
(99.0,[187.05050505050505,206.517999985296,27.0,0.0,841.0,38.0])
(8570.0,[8602.51724137931,263.0795239269514,12.0,8480.0,10570.0,19.0])
(520.0,[312.9191919191919,160.15274759105185,22.0,1.0,700.0,53.0])
(579.0,[181.73737373737373,253.2285902228144,4.0,1.0,2150.0,6.0])
(719.0,[680.6969696969697,231.35391815433496,32.0,410.0,2730.0,14.0])
(719.0,[669.0505050505051,62.200128899371734,18.0,510.0,791.0,33.0])
(1030.0,[1292.989898989899,236.98486909673764,8.0,760.0,1930.0,12.0])
(1510.0,[1314.8181818181818,245.02336988669796,37.0,941.0,3239.0,67.0])
(50.0,[179.27272727272728,196.80497541248153,27.0,0.0,841.0,38.0])
(81.0,[60.04040404040404,200.34071580165013,23.0,0.0,2022.0,3.0])
(91.0,[180.13131313131314,253.29475968151039,4.0,1.0,2150.0,6.0])
(140.0,[68.85858585858585,205.01313139027124,16.0,0.0,2021.0,22.0])
(2199.0,[2186.080808080808,9.103974897975334,24.0,2169.0,2210.0,8.0])
