(1671.0,[1689.3148148148148,68.08160247332665,4.0,1640.0,2174.0,8.0])
(3830.0,[3504.740740740741,512.5053634835945,19.0,1190.0,4045.0,6.0])
(3841.0,[3901.6,266.2550656795097,24.0,3321.0,4470.0,7.0])
(3890.0,[4077.809523809524,142.83810984321644,20.0,3800.0,4443.0,5.0])
(1881.0,[2121.6363636363635,227.07185062079498,4.0,1589.0,2623.0,6.0])
(2030.0,[1867.1379310344828,633.0116697806432,6.0,19.0,2583.0,7.0])
(12810.0,[12899.125,164.3946756285008,29.0,12653.0,13210.0,0.0])
(1070.0,[1739.7450980392157,205.00548468389957,6.0,1070.0,2120.0,9.0])
(3251.0,[3331.925925925926,363.00953215991103,0.0,2590.0,4260.0,3.0])
(1449.0,[1561.2,91.1750364558593,1.0,1431.0,1937.0,7.0])
(1520.0,[1572.5272727272727,101.3106571699066,1.0,1371.0,2034.0,7.0])
(1679.0,[1689.1272727272728,67.47391537622778,4.0,1640.0,2174.0,8.0])
(5781.0,[5908.666666666667,159.92915098046802,25.0,5679.0,6274.0,3.0])
(1849.0,[1754.2307692307693,194.6179309654032,5.0,1369.0,2355.0,8.0])
(3960.0,[3981.521739130435,329.35798807683244,14.0,3431.0,4713.0,4.0])
(3990.0,[3891.72,406.7440000786736,28.0,2090.0,4493.0,9.0])
(10060.0,[10071.181818181818,145.10110467709194,0.0,9970.0,10523.0,1.0])
(1989.0,[2117.735294117647,224.827294347766,4.0,1589.0,2623.0,6.0])
(6031.0,[5667.333333333333,458.0325073373917,8.0,3990.0,6169.0,2.0])
(4021.0,[3928.12,248.66657515637277,27.0,3491.0,4433.0,8.0])
(2129.0,[2044.7222222222222,369.74447716640975,4.0,89.0,2520.0,6.0])
(4170.0,[4094.0,443.5954237816256,29.0,2261.0,4614.0,8.0])
(4210.0,[4164.318181818182,239.61074235359246,8.0,3811.0,4671.0,3.0])
(2199.0,[2469.6428571428573,194.5869644521284,13.0,2150.0,2890.0,9.0])
(4250.0,[4037.478260869565,256.1855424025834,27.0,3539.0,4773.0,8.0])
(2449.0,[2366.75,149.492862944786,9.0,2200.0,3023.0,7.0])
(2470.0,[2509.535714285714,96.99760017018724,12.0,2379.0,2933.0,8.0])
(12589.0,[12696.5,120.3931061149267,26.0,12589.0,12993.0,0.0])
(2509.0,[2693.6428571428573,245.91581229090144,1.0,2330.0,3200.0,4.0])
(6630.0,[6691.357142857143,140.4816241886955,16.0,6529.0,7133.0,2.0])
(2599.0,[2884.6071428571427,121.25131495184297,16.0,2599.0,3164.0,8.0])
(2609.0,[2712.535714285714,166.755270240737,16.0,2469.0,3324.0,9.0])
(12759.0,[12877.75,188.91515952935063,28.0,12759.0,13363.0,0.0])
(2679.0,[2967.6785714285716,187.3011428482082,15.0,2679.0,3435.0,7.0])
(2739.0,[2744.4285714285716,207.88585957742507,14.0,2359.0,3204.0,8.0])
(2799.0,[2810.8928571428573,121.11810625693133,11.0,2699.0,3374.0,6.0])
(2819.0,[2722.9285714285716,277.2171568298332,2.0,2209.0,3513.0,4.0])
(2829.0,[2801.8214285714284,132.91916275139042,2.0,2490.0,3283.0,4.0])
(2839.0,[3188.964285714286,277.39959343657216,11.0,2630.0,3894.0,5.0])
(6900.0,[6962.357142857143,262.5619946229998,18.0,6649.0,7754.0,2.0])
(2869.0,[2752.6428571428573,236.87477316773376,2.0,2230.0,3180.0,4.0])
(2939.0,[3102.5714285714284,187.037320296441,20.0,2811.0,3734.0,9.0])
(2969.0,[3042.6428571428573,86.69042387620868,5.0,2941.0,3443.0,4.0])
(7130.0,[6813.5,233.189607095048,17.0,6359.0,7130.0,2.0])
(3169.0,[3117.785714285714,106.54621973010357,14.0,2931.0,3464.0,6.0])
(3300.0,[3318.0,130.8641607600361,19.0,2990.0,3694.0,7.0])
(3329.0,[3498.464285714286,504.3258925212416,19.0,1190.0,4045.0,6.0])
(3349.0,[3278.9285714285716,128.88780518936076,7.0,3090.0,3724.0,4.0])
(3370.0,[3442.1785714285716,214.7934312595357,23.0,3129.0,4154.0,9.0])
(3389.0,[3106.464285714286,176.30340774254094,20.0,2789.0,3450.0,9.0])
(3499.0,[3533.3571428571427,194.74841174590108,15.0,3180.0,4264.0,5.0])
(1480.0,[1749.0566037735848,196.35080418843913,5.0,1369.0,2355.0,8.0])
(1500.0,[1735.1346153846155,205.67721432886736,6.0,1070.0,2120.0,9.0])
(1520.0,[1560.4642857142858,90.52189243605152,1.0,1431.0,1937.0,7.0])
(7601.0,[7565.071428571428,174.9279297660751,25.0,7300.0,8063.0,2.0])
(1610.0,[1573.1964285714287,100.52459181052896,1.0,1371.0,2034.0,7.0])
(1690.0,[1689.142857142857,66.86885581158855,4.0,1640.0,2174.0,8.0])
(7830.0,[7868.428571428572,184.89445417230195,28.0,7609.0,8343.0,2.0])
(1990.0,[2114.0857142857144,222.61168900494116,4.0,1589.0,2623.0,6.0])
(4089.0,[3908.8076923076924,263.5600966690766,24.0,3321.0,4470.0,7.0])
(4100.0,[4078.818181818182,139.6305633265011,20.0,3800.0,4443.0,5.0])
(2081.0,[1874.2666666666667,623.554912488779,6.0,19.0,2583.0,7.0])
(4299.0,[4326.315789473684,102.71219505906012,26.0,4240.0,4744.0,6.0])
(4329.0,[4361.105263157895,120.46309534758029,23.0,4260.0,4833.0,5.0])
(4339.0,[4449.894736842105,123.27841606313739,27.0,4301.0,4834.0,6.0])
(4420.0,[4451.0,107.90005121700165,24.0,4400.0,4904.0,5.0])
(5089.0,[5191.105263157895,133.8014612212092,18.0,5021.0,5663.0,3.0])
(3330.0,[3331.8571428571427,356.4684632700661,0.0,2590.0,4260.0,3.0])
(5479.0,[5486.473684210527,108.91492016154174,21.0,5429.0,5944.0,3.0])
(5489.0,[5503.578947368421,117.67766670442285,21.0,5389.0,5973.0,3.0])
(1460.0,[1729.9433962264152,207.13831083331914,6.0,1070.0,2120.0,9.0])
(1490.0,[1559.2280701754387,90.19997618233235,1.0,1431.0,1937.0,7.0])
(1491.0,[1744.2777777777778,197.61086121247436,5.0,1369.0,2355.0,8.0])
(1520.0,[1572.2631578947369,99.88335764223862,1.0,1371.0,2034.0,7.0])
(5599.0,[5579.421052631579,168.94574519633397,5.0,5180.0,5983.0,2.0])
(5669.0,[5781.105263157895,132.4950425038184,7.0,5531.0,6154.0,2.0])
(1670.0,[1688.8070175438597,66.32732193421204,4.0,1640.0,2174.0,8.0])
(3741.0,[3920.923076923077,246.47857186890008,27.0,3491.0,4433.0,8.0])
(1790.0,[2037.837837837838,367.04536235696736,4.0,89.0,2520.0,6.0])
(3880.0,[3891.269230769231,398.8516745408294,28.0,2090.0,4493.0,9.0])
(2040.0,[2112.027777777778,219.83547965986736,4.0,1589.0,2623.0,6.0])
(4070.0,[3985.2083333333335,322.90774987688906,14.0,3431.0,4713.0,4.0])
(12250.0,[12177.0,294.45052404624977,21.0,11790.0,12683.0,1.0])
(2340.0,[2709.7241379310344,281.21410379990004,2.0,2209.0,3513.0,4.0])
(2470.0,[2370.310344827586,148.09598552110486,9.0,2200.0,3023.0,7.0])
(2530.0,[2510.2413793103447,95.38367357312465,12.0,2379.0,2933.0,8.0])
(2650.0,[2749.103448275862,233.50719472450822,2.0,2230.0,3180.0,4.0])
(2670.0,[2797.2758620689656,132.80369140894783,2.0,2490.0,3283.0,4.0])
(2670.0,[2711.0689655172414,164.03866891355176,16.0,2469.0,3324.0,9.0])
(2711.0,[2743.2758620689656,204.3612245682029,14.0,2359.0,3204.0,8.0])
(2750.0,[2695.5862068965516,241.8573984583904,1.0,2330.0,3200.0,4.0])
(2798.0,[2810.448275862069,119.0347924237791,11.0,2699.0,3374.0,6.0])
(2830.0,[2962.9310344827586,185.7500974213292,15.0,2679.0,3435.0,7.0])
(2850.0,[2883.4137931034484,119.30965716365509,16.0,2599.0,3164.0,8.0])
(2900.0,[3179.0,277.6276345183884,11.0,2630.0,3894.0,5.0])
(2980.0,[3113.0344827586205,107.66950798099893,14.0,2931.0,3464.0,6.0])
(3020.0,[3041.862068965517,85.28278483271305,5.0,2941.0,3443.0,4.0])
(3090.0,[3102.137931034483,183.7985636764131,20.0,2811.0,3734.0,9.0])
(3150.0,[3274.4827586206898,128.81251296298154,7.0,3090.0,3724.0,4.0])
(3170.0,[3108.655172413793,173.62450086561037,20.0,2789.0,3450.0,9.0])
